	9
Pinus_mugo   0.00000   0.00254   0.08831   0.10615   0.10486   0.01015   0.13043   0.26087   0.26087
Pinus_mugo   0.00254   0.00000   0.08571   0.10894   0.10742   0.00761   0.12733   0.26087   0.26087
Larix_deci   0.08831   0.08571   0.00000   0.06303   0.06144   0.08537   0.05512   0.06160   0.06258
Cedrus_atl   0.10615   0.10894   0.06303   0.00000   0.08379   0.11053   0.06682   0.06897   0.06992
Picea_abie   0.10486   0.10742   0.06144   0.08379   0.00000   0.09417   0.08393   0.05976   0.06341
Pinus_nigr   0.01015   0.00761   0.08537   0.11053   0.09417   0.00000   0.12209   0.26087   0.26087
Abies_alba   0.13043   0.12733   0.05512   0.06682   0.08393   0.12209   0.00000   0.07773   0.07864
Pinus_sylv   0.26087   0.26087   0.06160   0.06897   0.05976   0.26087   0.07773   0.00000   0.01253
Pinus_mugo   0.26087   0.26087   0.06258   0.06992   0.06341   0.26087   0.07864   0.01253   0.00000
