	119
Potamogeto   0.00000   0.08997   0.09896   0.12799   0.12010   0.12129   0.12040   0.11965   0.11955   0.11986   0.12873   0.11134   0.08768   0.11859   0.11586   0.10870   0.14402   0.11932   0.09917   0.10132   0.09796   0.15102   0.11745   0.11364   0.10143   0.10938   0.12432   0.16874   0.08225   0.13702   0.13565   0.11005   0.15182   0.11165   0.14160   0.14363   0.12805   0.13946   0.14587   0.11789   0.14246   0.11708   0.11846   0.11846   0.11707   0.11915   0.15548   0.40192   0.16667   0.12993   0.14509   0.09723   0.09011   0.08943   0.09402   0.15154   0.06937   0.09011   0.12534   0.11782   0.11852   0.12603   0.12534   0.12466   0.11971   0.12143   0.12401   0.12214   0.12057   0.11971   0.12948   0.11685   0.11991   0.14207   0.09937   0.10056   0.09507   0.14499   0.13563   0.13366   0.13243   0.13649   0.13482   0.10331   0.11655   0.11281   0.11080   0.11511   0.11295   0.11992   0.12857   0.10357   0.10632   0.11227   0.10739   0.11851   0.11305   0.10879   0.09581   0.10789   0.10628   0.19792   0.11597   0.14296   0.09500   0.13347   0.10095   0.08740   0.11501   0.11413   0.18124   0.21504   0.10794   0.46311   0.14905   0.08409   0.08747   0.09362   0.12910
Dioscorea_   0.08997   0.00000   0.10156   0.11874   0.10444   0.10733   0.10602   0.10480   0.10733   0.10411   0.12457   0.10530   0.05744   0.10096   0.10117   0.09979   0.12663   0.11379   0.07586   0.09613   0.06813   0.12161   0.10255   0.09842   0.08929   0.09392   0.12113   0.15870   0.06469   0.11777   0.11458   0.09085   0.13504   0.09830   0.11149   0.11562   0.09911   0.11887   0.12035   0.09979   0.12207   0.11012   0.10943   0.10519   0.11080   0.11287   0.14173   0.39233   0.16247   0.11512   0.13140   0.09155   0.06263   0.06194   0.09402   0.14128   0.08487   0.06332   0.11493   0.10929   0.10727   0.11838   0.11700   0.11769   0.10976   0.10866   0.11475   0.11080   0.11072   0.10763   0.11425   0.10620   0.10646   0.12732   0.08915   0.08875   0.08333   0.13504   0.12648   0.12106   0.11929   0.12376   0.12044   0.07708   0.09848   0.10012   0.09464   0.10095   0.10048   0.10255   0.11012   0.08983   0.09258   0.10680   0.09778   0.11018   0.10132   0.10347   0.08454   0.09259   0.09340   0.19667   0.11524   0.13640   0.07768   0.11493   0.07020   0.05781   0.10098   0.10530   0.16925   0.19976   0.09902   0.45265   0.13008   0.05846   0.06025   0.06806   0.11769
Lotus_corn   0.09896   0.10156   0.00000   0.09375   0.11458   0.11458   0.11198   0.11198   0.11198   0.11719   0.07812   0.06771   0.08594   0.05882   0.07031   0.06771   0.10938   0.07812   0.09635   0.07552   0.10156   0.08854   0.08073   0.05990   0.06510   0.06510   0.09115   0.14062   0.09375   0.08333   0.07552   0.06771   0.15625   0.08073   0.08594   0.08073   0.07292   0.09635   0.07292   0.07812   0.13542   0.08594   0.08333   0.08594   0.07812   0.08594   0.15885   0.34115   1.17517   0.09635   0.11979   0.07031   0.09635   0.09896   0.07031   0.13021   0.10677   0.09635   0.11719   0.11719   0.12240   0.12240   0.11719   0.11719   0.12760   0.12240   0.11458   0.11979   0.12240   0.11719   0.12240   0.11719   0.11719   0.09896   0.09375   0.08333   0.09115   0.13802   0.11979   0.11719   0.11458   0.11198   0.11198   0.10677   0.07552   0.08287   0.06771   0.08696   0.07292   0.07292   0.11198   0.07812   0.08073   0.08073   0.07552   0.09115   0.07552   0.09115   0.05729   0.07812   0.06771   0.17969   0.07292   0.10938   0.09375   0.07552   0.10417   0.09896   0.07552   0.07812   0.07292   0.27344   0.09115   0.42933   0.10677   0.10156   0.09896   0.10677   0.11198
Vaccinium_   0.12799   0.11874   0.09375   0.00000   0.09051   0.09075   0.08985   0.09083   0.09075   0.09186   0.10948   0.08173   0.12028   0.11953   0.09792   0.09098   0.10640   0.08558   0.12490   0.07710   0.12182   0.11103   0.10409   0.09561   0.07016   0.10023   0.11874   0.15765   0.10871   0.11025   0.09715   0.07247   0.13647   0.09345   0.09638   0.08712   0.08712   0.10534   0.08152   0.07325   0.16191   0.09175   0.08867   0.09021   0.09175   0.09021   0.15504   0.38203   0.11276   0.10380   0.13323   0.08944   0.11719   0.11874   0.09252   0.15915   0.12799   0.11796   0.14803   0.14418   0.14572   0.15112   0.14803   0.14958   0.14958   0.14726   0.15035   0.15112   0.14649   0.14418   0.15035   0.14572   0.14572   0.14495   0.10871   0.11180   0.10948   0.12028   0.10794   0.10177   0.10563   0.10717   0.10100   0.13261   0.09021   0.09589   0.07170   0.10941   0.08944   0.09483   0.15035   0.09100   0.09387   0.10100   0.08867   0.10254   0.08558   0.08867   0.08374   0.10225   0.09581   0.20830   0.10871   0.13493   0.09252   0.11180   0.12722   0.11488   0.10409   0.10023   0.18658   0.18801   0.11585   0.46537   0.13030   0.11488   0.11488   0.11874   0.10177
Campanula_   0.12010   0.10444   0.11458   0.09051   0.00000   0.02094   0.00359   0.02445   0.02094   0.00175   0.10357   0.07311   0.10531   0.09552   0.09399   0.09399   0.01741   0.07572   0.11488   0.07746   0.10618   0.11836   0.10444   0.09487   0.07137   0.10183   0.11140   0.15522   0.09748   0.11227   0.08790   0.06701   0.13055   0.09951   0.08703   0.08268   0.09051   0.09661   0.08097   0.08094   0.14534   0.10009   0.09835   0.09487   0.10183   0.10444   0.14447   0.35770   0.12593   0.09574   0.12446   0.09312   0.10531   0.10879   0.09835   0.15993   0.11836   0.10705   0.12533   0.12794   0.12620   0.13664   0.12968   0.12794   0.13142   0.12794   0.13577   0.13142   0.12881   0.12620   0.12968   0.12707   0.12446   0.14447   0.09661   0.10618   0.10096   0.03742   0.02872   0.00261   0.00609   0.02176   0.02263   0.12185   0.08790   0.07895   0.07050   0.09078   0.08529   0.09487   0.13142   0.08619   0.08930   0.09138   0.08790   0.10009   0.08442   0.09661   0.08616   0.09748   0.09574   0.19306   0.10096   0.13403   0.09835   0.10705   0.11314   0.10444   0.10270   0.10444   0.19756   0.19741   0.10421   0.45127   0.11836   0.10531   0.10531   0.10444   0.00348
Campanula_   0.12129   0.10733   0.11458   0.09075   0.02094   0.00000   0.02426   0.00873   0.00175   0.02275   0.10035   0.07155   0.10908   0.09357   0.09250   0.09337   0.03229   0.07330   0.11606   0.07592   0.10908   0.11955   0.10471   0.09599   0.07330   0.10384   0.11431   0.15469   0.10122   0.11518   0.08988   0.06894   0.13438   0.09951   0.08813   0.08377   0.09075   0.09860   0.08122   0.08202   0.14834   0.10035   0.10035   0.09599   0.10297   0.10558   0.14660   0.35602   0.11985   0.09773   0.12914   0.09250   0.10820   0.11082   0.09773   0.15993   0.11867   0.10995   0.12653   0.12740   0.12914   0.13700   0.12914   0.12914   0.13264   0.12914   0.13613   0.13089   0.13002   0.12827   0.12914   0.12827   0.12565   0.14834   0.10209   0.10995   0.10558   0.04276   0.02618   0.02269   0.02618   0.02182   0.00262   0.12042   0.09075   0.08864   0.07592   0.09078   0.08551   0.09599   0.13264   0.08515   0.08827   0.09075   0.08813   0.10122   0.08377   0.09599   0.08813   0.09860   0.09686   0.18683   0.09860   0.14049   0.09860   0.10995   0.11780   0.10733   0.10733   0.10820   0.19983   0.20212   0.11022   0.44894   0.11867   0.10908   0.10908   0.10820   0.02356
Campanula_   0.12040   0.10602   0.11198   0.08985   0.00359   0.02426   0.00000   0.02788   0.02426   0.00539   0.10332   0.07367   0.10692   0.09552   0.09434   0.09254   0.02066   0.07637   0.11590   0.07907   0.10872   0.11860   0.10512   0.09434   0.07188   0.09973   0.11231   0.15377   0.09883   0.11321   0.08985   0.06828   0.13118   0.10073   0.08715   0.08266   0.08895   0.09434   0.08193   0.08176   0.14645   0.09973   0.09793   0.09434   0.10063   0.10422   0.14376   0.35130   0.13248   0.09434   0.12399   0.09254   0.10512   0.11051   0.09793   0.15903   0.11950   0.10872   0.12758   0.13028   0.12848   0.13836   0.13208   0.13028   0.13387   0.13028   0.13567   0.13297   0.13118   0.12848   0.13208   0.12938   0.12668   0.14376   0.09793   0.10692   0.10153   0.04043   0.03145   0.00539   0.00898   0.02336   0.02516   0.12309   0.08715   0.07618   0.07188   0.08794   0.08625   0.09434   0.13387   0.08619   0.08930   0.09164   0.08625   0.09883   0.08266   0.09614   0.08625   0.09614   0.09524   0.19497   0.10063   0.13477   0.09973   0.10872   0.11590   0.10602   0.10332   0.10602   0.19946   0.20094   0.10521   0.45240   0.12040   0.10692   0.10692   0.10602   0.00090
Campanula_   0.11965   0.10480   0.11198   0.09083   0.02445   0.00873   0.02788   0.00000   0.00873   0.02539   0.10044   0.07598   0.10742   0.09375   0.09170   0.09083   0.03581   0.07773   0.11616   0.07598   0.10830   0.11790   0.10218   0.09432   0.07336   0.10306   0.11266   0.15070   0.09956   0.11179   0.08734   0.07074   0.13275   0.09830   0.08908   0.08297   0.08996   0.09956   0.08426   0.08210   0.14672   0.09782   0.09782   0.09345   0.10131   0.10306   0.14410   0.35808   0.11985   0.09869   0.12926   0.08996   0.10742   0.11092   0.09520   0.15831   0.11790   0.10917   0.12751   0.12838   0.13013   0.13712   0.13013   0.13013   0.13362   0.13013   0.13712   0.13450   0.13100   0.13013   0.13275   0.12926   0.12576   0.14847   0.10044   0.10830   0.10393   0.04454   0.02969   0.02620   0.02969   0.02358   0.00961   0.11965   0.09170   0.08877   0.07424   0.09233   0.08297   0.09694   0.13013   0.08836   0.09148   0.09170   0.08734   0.09956   0.08297   0.09607   0.08821   0.09869   0.09520   0.18878   0.09782   0.13799   0.09782   0.10830   0.11441   0.10742   0.10742   0.10655   0.19913   0.19976   0.10832   0.44934   0.12140   0.10917   0.10917   0.11092   0.02707
Campanula_   0.11955   0.10733   0.11198   0.09075   0.02094   0.00175   0.02426   0.00873   0.00000   0.02275   0.09860   0.06981   0.10733   0.09162   0.09075   0.09162   0.03141   0.07155   0.11431   0.07417   0.10908   0.11780   0.10471   0.09599   0.07155   0.10209   0.11257   0.15269   0.09948   0.11431   0.08813   0.06894   0.13438   0.09951   0.08813   0.08202   0.08901   0.09860   0.07919   0.08028   0.14660   0.09860   0.09860   0.09424   0.10122   0.10384   0.14485   0.35777   0.11610   0.09773   0.12914   0.09075   0.10646   0.10908   0.09599   0.15817   0.11867   0.10995   0.12740   0.12827   0.13002   0.13525   0.12740   0.13002   0.13351   0.12914   0.13525   0.13176   0.13089   0.12827   0.13002   0.12914   0.12391   0.14921   0.10209   0.10820   0.10558   0.04188   0.02618   0.02182   0.02618   0.02182   0.00087   0.12042   0.08901   0.08726   0.07417   0.08936   0.08377   0.09599   0.13089   0.08411   0.08723   0.09075   0.08639   0.10122   0.08202   0.09424   0.08639   0.09860   0.09686   0.18505   0.09686   0.14049   0.09860   0.10820   0.11606   0.10733   0.10558   0.10646   0.19895   0.20094   0.10822   0.44894   0.11693   0.10733   0.10733   0.10820   0.02356
Campanula_   0.11986   0.10411   0.11719   0.09186   0.00175   0.02275   0.00539   0.02539   0.02275   0.00000   0.10324   0.07437   0.10499   0.09357   0.09536   0.09361   0.01837   0.07699   0.11636   0.07699   0.10499   0.11986   0.10411   0.09624   0.07087   0.10149   0.11111   0.15616   0.09624   0.11199   0.08836   0.06649   0.13036   0.10073   0.08574   0.08224   0.09011   0.09624   0.08147   0.08224   0.14523   0.09974   0.09799   0.09449   0.10149   0.10411   0.14523   0.35521   0.12500   0.09536   0.12336   0.09274   0.10674   0.10849   0.09799   0.16081   0.11811   0.10674   0.12511   0.12773   0.12598   0.13648   0.12948   0.12773   0.13123   0.12773   0.13386   0.13123   0.12861   0.12598   0.12948   0.12686   0.12423   0.14436   0.09624   0.10761   0.10061   0.03850   0.02975   0.00350   0.00700   0.02275   0.02362   0.12161   0.08924   0.07756   0.06999   0.08936   0.08486   0.09449   0.13123   0.08411   0.08723   0.09274   0.08749   0.09886   0.08399   0.09624   0.08574   0.09711   0.09536   0.19484   0.10061   0.13561   0.09799   0.10674   0.11286   0.10586   0.10411   0.10586   0.19948   0.19741   0.10421   0.45013   0.11986   0.10674   0.10674   0.10411   0.00437
Geranium_p   0.12873   0.12457   0.07812   0.10948   0.10357   0.10035   0.10332   0.10044   0.09860   0.10324   0.00000   0.10442   0.11454   0.01442   0.09686   0.09932   0.12686   0.11344   0.13265   0.09267   0.12213   0.13673   0.10164   0.10211   0.09643   0.10508   0.11606   0.16791   0.12101   0.11765   0.12815   0.10338   0.14964   0.08981   0.13293   0.13026   0.11824   0.13280   0.12985   0.10488   0.16610   0.11368   0.11232   0.11157   0.11150   0.11709   0.16042   0.40314   0.15812   0.11813   0.13512   0.09013   0.11654   0.12062   0.08746   0.16259   0.12177   0.11513   0.14732   0.13659   0.13846   0.14732   0.14664   0.14664   0.14195   0.14426   0.14336   0.14426   0.13906   0.13701   0.14868   0.14195   0.13611   0.14411   0.11233   0.11313   0.10756   0.13006   0.12396   0.11966   0.11857   0.12306   0.11690   0.13692   0.09266   0.10253   0.10319   0.10458   0.10483   0.10888   0.15023   0.08524   0.08616   0.10490   0.10076   0.11520   0.09738   0.10347   0.07729   0.10145   0.08454   0.21350   0.02626   0.13275   0.09778   0.11089   0.13163   0.12290   0.09958   0.10047   0.16573   0.20212   0.09277   0.45262   0.13454   0.11605   0.11915   0.12413   0.11698
Echinops_r   0.11134   0.10530   0.06771   0.08173   0.07311   0.07155   0.07367   0.07598   0.06981   0.07437   0.10442   0.00000   0.09739   0.09295   0.08186   0.07515   0.08384   0.01827   0.11065   0.05187   0.10412   0.12270   0.07981   0.08441   0.04500   0.07812   0.09195   0.15333   0.09449   0.10264   0.08265   0.04875   0.12920   0.06675   0.09103   0.09505   0.07497   0.10013   0.03804   0.06292   0.14627   0.06943   0.06535   0.06680   0.07247   0.07148   0.14873   0.39850   0.12473   0.08571   0.11284   0.06458   0.09799   0.10061   0.06633   0.14601   0.10332   0.10329   0.13646   0.12951   0.13217   0.14053   0.13849   0.13985   0.13489   0.13863   0.13559   0.13582   0.13417   0.12994   0.14257   0.13347   0.12694   0.13126   0.09384   0.09497   0.08536   0.09168   0.08172   0.07558   0.07714   0.07921   0.07095   0.11444   0.07824   0.06221   0.04917   0.06816   0.06399   0.07296   0.13306   0.05133   0.05408   0.07177   0.05728   0.08119   0.06492   0.06389   0.06361   0.08132   0.07246   0.19388   0.09263   0.12254   0.07420   0.10040   0.10902   0.10229   0.09187   0.07852   0.15656   0.17039   0.07850   0.44399   0.12274   0.09590   0.09917   0.10264   0.07418
Paris_quad   0.08768   0.05744   0.08594   0.12028   0.10531   0.10908   0.10692   0.10742   0.10733   0.10499   0.11454   0.09739   0.00000   0.09776   0.09429   0.09758   0.12992   0.10402   0.06621   0.09223   0.05866   0.12020   0.09744   0.09629   0.09143   0.09097   0.11403   0.16667   0.06349   0.11631   0.12011   0.09204   0.14380   0.08859   0.10288   0.10562   0.09602   0.12329   0.11160   0.09534   0.11623   0.10385   0.09766   0.09951   0.10600   0.10591   0.13893   0.38893   0.14685   0.11088   0.13066   0.08730   0.05296   0.05675   0.08892   0.14759   0.08044   0.05292   0.10014   0.10050   0.09930   0.10288   0.09945   0.10562   0.10240   0.10486   0.10523   0.10486   0.10063   0.10169   0.10631   0.10099   0.09591   0.12551   0.08368   0.08644   0.07634   0.13859   0.13158   0.12334   0.12357   0.12871   0.12346   0.06882   0.09626   0.09908   0.09587   0.10341   0.09697   0.10494   0.10219   0.08524   0.08708   0.10076   0.09593   0.11173   0.09461   0.10556   0.07649   0.09098   0.08615   0.20830   0.10430   0.13494   0.07559   0.11224   0.05724   0.05448   0.09748   0.10000   0.17137   0.19624   0.09545   0.45938   0.12921   0.05038   0.05014   0.06145   0.12268
Geranium_n   0.11859   0.10096   0.05882   0.11953   0.09552   0.09357   0.09552   0.09375   0.09162   0.09357   0.01442   0.09295   0.09776   0.00000   0.08173   0.07692   0.11058   0.09615   0.11058   0.08013   0.09295   0.09776   0.09295   0.08013   0.08173   0.09295   0.10096   0.12737   0.10256   0.08943   0.10577   0.08333   0.13782   0.07759   0.08173   0.07692   0.07853   0.09135   0.09375   0.07692   0.14904   0.09776   0.09135   0.09295   0.08974   0.10096   0.13458   0.38462   1.17517   0.08974   0.12660   0.07955   0.10417   0.10737   0.07792   0.15705   0.11853   0.11218   0.13622   0.12821   0.13141   0.13141   0.13622   0.13141   0.13942   0.13301   0.13301   0.13942   0.13301   0.13462   0.13942   0.13782   0.13622   0.11218   0.09776   0.09936   0.10096   0.12179   0.11538   0.10577   0.10577   0.10417   0.09936   0.11859   0.06090   0.10256   0.08654   0.10096   0.08494   0.08654   0.14423   0.08333   0.08173   0.08654   0.07532   0.09295   0.08173   0.09455   0.07394   0.09859   0.08451   0.19551   0.00000   0.12724   0.09455   0.08173   0.11058   0.11058   0.08494   0.08814   0.09295   0.13390   0.09135   0.45104   0.11058   0.11058   0.11378   0.11378   0.10417
Tilia_plat   0.11586   0.10117   0.07031   0.09792   0.09399   0.09250   0.09434   0.09170   0.09075   0.09536   0.09686   0.08186   0.09429   0.08173   0.00000   0.07545   0.11164   0.08935   0.09759   0.07261   0.10123   0.10249   0.07329   0.07572   0.07214   0.07846   0.10274   0.16398   0.09097   0.09557   0.10381   0.07476   0.12920   0.07282   0.09823   0.09823   0.08186   0.10959   0.10172   0.07640   0.15342   0.08868   0.08595   0.08759   0.09268   0.09209   0.14767   0.39306   0.11991   0.10021   0.13066   0.06884   0.09823   0.10014   0.06924   0.15233   0.10480   0.09277   0.13984   0.13210   0.13544   0.14461   0.14120   0.14325   0.13678   0.13983   0.14033   0.14195   0.13534   0.13253   0.14666   0.13466   0.12703   0.13438   0.09072   0.08729   0.08496   0.12082   0.11327   0.10707   0.10429   0.10891   0.10368   0.10573   0.07207   0.07843   0.07559   0.08706   0.08799   0.09004   0.14188   0.07058   0.07058   0.08075   0.08144   0.09507   0.08218   0.08681   0.05717   0.07649   0.07246   0.20331   0.09044   0.09482   0.07585   0.09413   0.10663   0.10595   0.07644   0.07367   0.14316   0.18566   0.08653   0.45385   0.11664   0.10076   0.10352   0.10957   0.10485
Betula_pen   0.10870   0.09979   0.06771   0.09098   0.09399   0.09337   0.09254   0.09083   0.09162   0.09361   0.09932   0.07515   0.09758   0.07692   0.07545   0.00000   0.10338   0.08328   0.10966   0.06708   0.10284   0.10914   0.07240   0.07671   0.06214   0.07797   0.10270   0.14595   0.09271   0.08858   0.10020   0.06622   0.12044   0.06917   0.10000   0.10338   0.08243   0.10176   0.10068   0.07162   0.15199   0.08014   0.07671   0.07920   0.07944   0.08219   0.14174   0.40150   0.13793   0.09122   0.11730   0.01490   0.10203   0.10405   0.01312   0.14049   0.09742   0.10203   0.13699   0.12571   0.12985   0.14041   0.13630   0.13699   0.13115   0.13068   0.13471   0.13352   0.12906   0.12687   0.13973   0.12901   0.12562   0.13106   0.08777   0.09008   0.09034   0.11656   0.10971   0.10427   0.10214   0.10750   0.10000   0.11575   0.07001   0.08149   0.06994   0.08907   0.08014   0.08378   0.13735   0.06141   0.06416   0.07906   0.06588   0.08229   0.07425   0.07986   0.04831   0.06522   0.06200   0.20698   0.08461   0.11597   0.07138   0.09189   0.11081   0.10608   0.07574   0.06892   0.14739   0.18096   0.07850   0.44976   0.12703   0.10146   0.10606   0.10402   0.10057
Campanula_   0.14402   0.12663   0.10938   0.10640   0.01741   0.03229   0.02066   0.03581   0.03141   0.01837   0.12686   0.08384   0.12992   0.11058   0.11164   0.10338   0.00000   0.08734   0.13636   0.08852   0.12297   0.15280   0.11869   0.11149   0.07786   0.11322   0.12821   0.17264   0.12321   0.13080   0.10838   0.07905   0.14745   0.10073   0.11673   0.12348   0.10864   0.12195   0.11168   0.09514   0.17926   0.10876   0.10670   0.10468   0.11010   0.11286   0.17505   0.39945   0.15302   0.11164   0.14551   0.10149   0.12483   0.12838   0.10204   0.16654   0.13063   0.12888   0.15595   0.14622   0.14870   0.16416   0.15800   0.15527   0.15160   0.14965   0.15587   0.15319   0.15000   0.14662   0.15937   0.14733   0.14245   0.15746   0.12008   0.12081   0.11538   0.05544   0.04466   0.02519   0.02571   0.04243   0.04318   0.14159   0.10570   0.09175   0.08310   0.09834   0.09850   0.10121   0.15946   0.08708   0.08983   0.09834   0.09141   0.10655   0.09148   0.10417   0.09420   0.10789   0.10870   0.21298   0.11451   0.14004   0.10692   0.13023   0.13630   0.12753   0.11290   0.11606   0.18970   0.19859   0.10883   0.45933   0.14845   0.12439   0.12741   0.12760   0.02282
Cichorium_   0.11932   0.11379   0.07812   0.08558   0.07572   0.07330   0.07637   0.07773   0.07155   0.07699   0.11344   0.01827   0.10402   0.09615   0.08935   0.08328   0.08734   0.00000   0.11679   0.06021   0.11254   0.12934   0.08830   0.09334   0.04861   0.08412   0.09749   0.15890   0.10178   0.10734   0.08390   0.05281   0.13440   0.07646   0.09993   0.10466   0.08373   0.10237   0.04135   0.07292   0.15162   0.07824   0.07550   0.07581   0.08089   0.08099   0.15205   0.39645   0.13919   0.09171   0.11878   0.07315   0.10601   0.10871   0.07440   0.14601   0.11004   0.11006   0.14070   0.13457   0.13720   0.14413   0.14276   0.14413   0.14000   0.14235   0.13857   0.14093   0.13922   0.13500   0.14825   0.13714   0.13229   0.14159   0.10319   0.10482   0.09474   0.09602   0.08613   0.08193   0.08220   0.08351   0.07765   0.12080   0.08935   0.06768   0.05405   0.06786   0.06863   0.08035   0.14305   0.06049   0.06324   0.07853   0.06532   0.08735   0.07302   0.07505   0.06683   0.08615   0.08213   0.19063   0.09708   0.13066   0.08345   0.11074   0.11681   0.10668   0.10175   0.09072   0.16725   0.17274   0.08564   0.44884   0.13572   0.10223   0.10544   0.11034   0.07923
Cypripediu   0.09917   0.07586   0.09635   0.12490   0.11488   0.11606   0.11590   0.11616   0.11431   0.11636   0.13265   0.11065   0.06621   0.11058   0.09759   0.10966   0.13636   0.11679   0.00000   0.09751   0.07497   0.12953   0.10813   0.10997   0.10000   0.10242   0.12397   0.16424   0.08116   0.12297   0.12804   0.10414   0.15182   0.09830   0.11753   0.11890   0.10447   0.12284   0.11892   0.10378   0.13540   0.11340   0.11134   0.10818   0.11289   0.11340   0.14275   0.39455   0.14516   0.11605   0.13734   0.09652   0.06667   0.06828   0.09985   0.15549   0.08930   0.07079   0.11753   0.11530   0.11322   0.12234   0.11959   0.12096   0.11435   0.11890   0.11932   0.11607   0.11455   0.11364   0.12096   0.11435   0.10608   0.14433   0.09642   0.09314   0.09630   0.14072   0.13440   0.12876   0.12929   0.13083   0.12921   0.04674   0.10490   0.11921   0.10251   0.12397   0.11065   0.11340   0.12096   0.09074   0.09258   0.10988   0.10643   0.11397   0.10512   0.11181   0.09340   0.10386   0.09984   0.20932   0.11816   0.13931   0.09205   0.12646   0.07560   0.07079   0.10659   0.10584   0.17842   0.20447   0.10348   0.46127   0.14089   0.06346   0.06523   0.07376   0.12625
Hedera_hel   0.10132   0.09613   0.07552   0.07710   0.07746   0.07592   0.07907   0.07598   0.07417   0.07699   0.09267   0.05187   0.09223   0.08013   0.07261   0.06708   0.08852   0.06021   0.09751   0.00000   0.09682   0.09617   0.07331   0.07400   0.03571   0.06579   0.08437   0.15411   0.08160   0.09123   0.07521   0.04011   0.11971   0.06675   0.07469   0.07123   0.05463   0.07917   0.06777   0.05187   0.14177   0.07054   0.06777   0.06801   0.07317   0.07261   0.14430   0.38655   0.10855   0.07650   0.10913   0.06246   0.08921   0.09336   0.06195   0.14601   0.09077   0.09129   0.13970   0.12885   0.13296   0.14108   0.13900   0.13831   0.13286   0.13594   0.13571   0.13381   0.13498   0.13143   0.14039   0.13143   0.12660   0.12310   0.08310   0.08269   0.07860   0.10519   0.09174   0.08747   0.08500   0.08911   0.08091   0.10097   0.06777   0.05724   0.03978   0.06079   0.03458   0.06501   0.13071   0.04858   0.04858   0.06741   0.05698   0.07687   0.06120   0.06046   0.05395   0.07649   0.07810   0.19316   0.08607   0.11524   0.06241   0.09267   0.10443   0.09336   0.07994   0.07469   0.15162   0.17626   0.06690   0.45740   0.11134   0.09211   0.09375   0.09680   0.08631
Lloydia_se   0.09796   0.06813   0.10156   0.12182   0.10618   0.10908   0.10872   0.10830   0.10908   0.10499   0.12213   0.10412   0.05866   0.09295   0.10123   0.10284   0.12297   0.11254   0.07497   0.09682   0.00000   0.14003   0.10232   0.10314   0.09714   0.10048   0.11419   0.15789   0.07546   0.11573   0.12628   0.09540   0.14672   0.09951   0.12618   0.13090   0.11471   0.12060   0.13136   0.09919   0.12826   0.10314   0.10383   0.10193   0.10941   0.10383   0.14053   0.39521   0.15801   0.10838   0.12918   0.09510   0.06815   0.06901   0.09840   0.14996   0.08930   0.06613   0.11680   0.11254   0.11049   0.12022   0.11749   0.11749   0.11087   0.11544   0.11656   0.11686   0.11111   0.11087   0.11954   0.10945   0.10403   0.13615   0.09097   0.09497   0.08589   0.13149   0.12544   0.11896   0.11714   0.12730   0.11741   0.07787   0.10021   0.09965   0.10388   0.10638   0.10861   0.10729   0.10999   0.08616   0.08799   0.10996   0.10028   0.10918   0.10035   0.10556   0.08776   0.09501   0.09340   0.20079   0.11014   0.13640   0.08444   0.11741   0.07355   0.06950   0.10238   0.09649   0.17137   0.20094   0.09634   0.44695   0.14507   0.06463   0.06887   0.07004   0.11555
Parnassia_   0.15102   0.12161   0.08854   0.11103   0.11836   0.11955   0.11860   0.11790   0.11780   0.11986   0.13673   0.12270   0.12020   0.09776   0.10249   0.10914   0.15280   0.12934   0.12953   0.09617   0.14003   0.00000   0.10897   0.09889   0.09429   0.12005   0.13984   0.19867   0.12870   0.13495   0.13643   0.11050   0.15121   0.09587   0.11565   0.11973   0.10476   0.12500   0.12057   0.11497   0.17292   0.10788   0.10650   0.10719   0.10754   0.11065   0.17456   0.40083   0.20513   0.13730   0.14425   0.08517   0.13810   0.14150   0.08455   0.16336   0.11587   0.14082   0.16459   0.14935   0.14754   0.16528   0.16321   0.16183   0.15551   0.15567   0.15551   0.15638   0.15242   0.15191   0.16598   0.15407   0.15125   0.15920   0.11654   0.10964   0.11245   0.13930   0.13761   0.13086   0.13084   0.13720   0.14898   0.14039   0.09695   0.10888   0.10249   0.10990   0.10512   0.13265   0.17418   0.09300   0.09392   0.11415   0.10714   0.11831   0.10862   0.10784   0.08535   0.10145   0.09742   0.20209   0.11087   0.13713   0.10177   0.13810   0.14558   0.13673   0.10519   0.11323   0.17701   0.19859   0.10705   0.46571   0.14694   0.11605   0.12370   0.12908   0.13053
Rhamnus_ca   0.11745   0.10255   0.08073   0.10409   0.10444   0.10471   0.10512   0.10218   0.10471   0.10411   0.10164   0.07981   0.09744   0.09295   0.07329   0.07240   0.11869   0.08830   0.10813   0.07331   0.10232   0.10897   0.00000   0.07661   0.07429   0.08088   0.10095   0.16314   0.09550   0.07698   0.10751   0.07650   0.13577   0.07039   0.10027   0.10232   0.08868   0.10137   0.09348   0.07913   0.15797   0.08755   0.08824   0.08815   0.09408   0.08892   0.15346   0.39488   0.11607   0.09566   0.12398   0.05962   0.09413   0.10246   0.06122   0.14996   0.10849   0.10232   0.14022   0.12839   0.13108   0.14637   0.14432   0.13885   0.13381   0.13333   0.13808   0.13688   0.13169   0.12883   0.14501   0.13096   0.12899   0.13233   0.08972   0.09358   0.08741   0.12793   0.11654   0.11057   0.10857   0.11386   0.10914   0.11081   0.07550   0.08943   0.07825   0.10071   0.08140   0.09072   0.14393   0.07241   0.07424   0.08587   0.08241   0.09540   0.08316   0.08681   0.05314   0.07166   0.05475   0.20586   0.09409   0.10649   0.07827   0.09141   0.11187   0.09959   0.08345   0.06071   0.15867   0.18684   0.08653   0.44782   0.11733   0.09729   0.10193   0.10472   0.10842
Salix_reti   0.11364   0.09842   0.05990   0.09561   0.09487   0.09599   0.09434   0.09432   0.09599   0.09624   0.10211   0.08441   0.09629   0.08013   0.07572   0.07671   0.11149   0.09334   0.10997   0.07400   0.10314   0.09889   0.07661   0.00000   0.07357   0.08522   0.10328   0.16115   0.09699   0.09965   0.10712   0.07740   0.12555   0.07282   0.09530   0.09803   0.08577   0.10526   0.09983   0.08305   0.15243   0.09394   0.09190   0.08953   0.09547   0.09326   0.15104   0.39251   0.13964   0.09662   0.12398   0.06813   0.09735   0.10685   0.06487   0.14996   0.08930   0.09735   0.14023   0.12704   0.12973   0.14500   0.14295   0.14295   0.13527   0.13338   0.13952   0.13761   0.13385   0.13102   0.14500   0.13244   0.12906   0.13615   0.09821   0.09986   0.09047   0.11869   0.11042   0.10847   0.10357   0.10820   0.10756   0.11649   0.06658   0.08410   0.08102   0.09283   0.08645   0.08033   0.14023   0.07149   0.07516   0.08834   0.08006   0.09299   0.08287   0.08611   0.05958   0.07085   0.07085   0.20945   0.09263   0.11087   0.07928   0.09939   0.10853   0.10171   0.07784   0.08373   0.15162   0.18214   0.08207   0.45669   0.09939   0.10007   0.10131   0.10402   0.10414
Sambucus_n   0.10143   0.08929   0.06510   0.07016   0.07137   0.07330   0.07188   0.07336   0.07155   0.07087   0.09643   0.04500   0.09143   0.08173   0.07214   0.06214   0.07786   0.04861   0.10000   0.03571   0.09714   0.09429   0.07429   0.07357   0.00000   0.06357   0.08714   0.15573   0.08071   0.08855   0.06286   0.02214   0.11700   0.06189   0.06214   0.05214   0.05000   0.07245   0.05506   0.04643   0.14214   0.06071   0.05929   0.05929   0.06357   0.06786   0.14181   0.38278   0.12010   0.07030   0.10542   0.05827   0.09214   0.09071   0.06050   0.14388   0.09299   0.09429   0.12643   0.12137   0.12635   0.13214   0.13000   0.12714   0.12835   0.12934   0.12908   0.12934   0.12984   0.12473   0.13143   0.12400   0.12563   0.11929   0.08000   0.08357   0.07714   0.09357   0.08500   0.07500   0.07893   0.08214   0.07429   0.10286   0.06643   0.04790   0.00857   0.05868   0.05071   0.06071   0.12929   0.04275   0.04647   0.05929   0.04929   0.07000   0.05143   0.05286   0.05233   0.07407   0.07166   0.18513   0.08972   0.11670   0.06571   0.08714   0.10071   0.09357   0.08000   0.07643   0.15143   0.17039   0.07111   0.45461   0.11214   0.09071   0.09286   0.09571   0.07571
Saxifraga_   0.10938   0.09392   0.06510   0.10023   0.10183   0.10384   0.09973   0.10306   0.10209   0.10149   0.10508   0.07812   0.09097   0.09295   0.07846   0.07797   0.11322   0.08412   0.10242   0.06579   0.10048   0.12005   0.08088   0.08522   0.06357   0.00000   0.09695   0.15847   0.08824   0.09896   0.09339   0.06983   0.12774   0.07646   0.11119   0.10983   0.09153   0.09871   0.10998   0.07729   0.14976   0.08729   0.08454   0.08540   0.08990   0.09141   0.15450   0.39602   0.11638   0.09122   0.12101   0.06529   0.09831   0.09559   0.06706   0.15233   0.09889   0.09017   0.13333   0.12832   0.12960   0.14089   0.13333   0.13402   0.13162   0.13400   0.13376   0.13542   0.13234   0.12876   0.14021   0.13090   0.12464   0.12945   0.09015   0.08799   0.08433   0.12864   0.11851   0.11127   0.11000   0.11386   0.10983   0.10653   0.08121   0.07845   0.06579   0.07407   0.08110   0.08203   0.13781   0.06966   0.07241   0.08212   0.07307   0.08817   0.07103   0.07724   0.06763   0.07971   0.07971   0.20143   0.09263   0.11889   0.07303   0.09153   0.10712   0.09763   0.08205   0.08203   0.15585   0.17861   0.08564   0.45660   0.12475   0.09382   0.09848   0.10125   0.10913
Silene_nut   0.12432   0.12113   0.09115   0.11874   0.11140   0.11431   0.11231   0.11266   0.11257   0.11111   0.11606   0.09195   0.11403   0.10096   0.10274   0.10270   0.12821   0.09749   0.12397   0.08437   0.11419   0.13984   0.10095   0.10328   0.08714   0.09695   0.00000   0.16430   0.11028   0.11349   0.11929   0.09257   0.14964   0.08738   0.12348   0.12955   0.10729   0.12060   0.12183   0.09852   0.16484   0.09508   0.09508   0.09504   0.09965   0.10260   0.16371   0.39603   0.15517   0.10960   0.13140   0.09084   0.10864   0.10946   0.09038   0.15470   0.11365   0.11201   0.15048   0.14551   0.14588   0.15048   0.15048   0.15048   0.15160   0.15461   0.15445   0.15035   0.14859   0.14591   0.15595   0.14947   0.14033   0.14997   0.11939   0.12430   0.11119   0.14144   0.12840   0.12386   0.12357   0.12588   0.12281   0.12175   0.09883   0.09524   0.08795   0.10071   0.09576   0.10121   0.14595   0.08158   0.08249   0.10180   0.09211   0.10446   0.09702   0.09167   0.08213   0.09018   0.09179   0.21219   0.11306   0.14369   0.09923   0.11741   0.12011   0.11471   0.10659   0.09717   0.17066   0.19976   0.03657   0.46822   0.14305   0.10910   0.11364   0.11581   0.12197
Taxus_bacc   0.16874   0.15870   0.14062   0.15765   0.15522   0.15469   0.15377   0.15070   0.15269   0.15616   0.16791   0.15333   0.16667   0.12737   0.16398   0.14595   0.17264   0.15890   0.16424   0.15411   0.15789   0.19867   0.16314   0.16115   0.15573   0.15847   0.16430   0.00000   0.15430   0.16347   0.17014   0.15179   0.19601   0.14563   0.20033   0.19784   0.18038   0.17878   0.17707   0.15794   0.19437   0.15352   0.15776   0.15267   0.16567   0.15522   0.13033   0.40506   0.23077   0.16876   0.17087   0.14544   0.16293   0.16293   0.14933   0.07344   0.15911   0.16376   0.18745   0.17784   0.18222   0.18660   0.18236   0.18490   0.18271   0.18012   0.18093   0.17924   0.18382   0.18004   0.18236   0.17558   0.17908   0.19510   0.15523   0.15686   0.15083   0.18451   0.18087   0.17496   0.17705   0.17739   0.16459   0.17048   0.15633   0.14533   0.15691   0.14260   0.16370   0.16209   0.17962   0.13431   0.13309   0.16193   0.16021   0.16826   0.15690   0.16365   0.13423   0.14765   0.14286   0.20510   0.15794   0.18190   0.15505   0.17124   0.17207   0.15711   0.16480   0.15096   0.24414   0.25029   0.13934   0.48363   0.19451   0.16099   0.16271   0.16354   0.17323
Tofieldia_   0.08225   0.06469   0.09375   0.10871   0.09748   0.10122   0.09883   0.09956   0.09948   0.09624   0.12101   0.09449   0.06349   0.10256   0.09097   0.09271   0.12321   0.10178   0.08116   0.08160   0.07546   0.12870   0.09550   0.09699   0.08071   0.08824   0.11028   0.15430   0.00000   0.11872   0.11692   0.08384   0.12847   0.09102   0.10945   0.10877   0.09177   0.11331   0.11035   0.08906   0.12140   0.09426   0.09495   0.09366   0.09965   0.09495   0.13837   0.39683   0.15521   0.10440   0.12769   0.08304   0.07070   0.07157   0.08236   0.13891   0.06863   0.06458   0.11066   0.11040   0.11049   0.11749   0.11612   0.11749   0.11087   0.11190   0.11514   0.11686   0.10830   0.10874   0.11885   0.10803   0.10474   0.12662   0.08063   0.08240   0.07123   0.12864   0.11707   0.11267   0.11071   0.11669   0.11557   0.08265   0.09128   0.09386   0.08864   0.10165   0.09495   0.09857   0.11965   0.07699   0.07883   0.09198   0.08506   0.09944   0.08512   0.09167   0.07568   0.08615   0.08696   0.19289   0.10795   0.13129   0.06909   0.11285   0.07886   0.07206   0.09327   0.09517   0.16291   0.19271   0.09723   0.45862   0.13324   0.06602   0.06749   0.06935   0.11056
Urtica_dio   0.13702   0.11777   0.08333   0.11025   0.11227   0.11518   0.11321   0.11179   0.11431   0.11199   0.11765   0.10264   0.11631   0.08943   0.09557   0.08858   0.13080   0.10734   0.12297   0.09123   0.11573   0.13495   0.07698   0.09965   0.08855   0.09896   0.11349   0.16347   0.11872   0.00000   0.11557   0.09550   0.13131   0.09709   0.12318   0.12872   0.11626   0.12300   0.13621   0.09896   0.16420   0.10526   0.10246   0.10596   0.10418   0.10807   0.16230   0.39944   0.16164   0.11605   0.12453   0.08523   0.11903   0.12595   0.08315   0.14919   0.11882   0.11696   0.16281   0.14139   0.14616   0.16351   0.16070   0.15649   0.14547   0.14494   0.14839   0.14421   0.14895   0.14254   0.15789   0.14327   0.14993   0.14825   0.10623   0.11064   0.10840   0.13763   0.13467   0.12252   0.12117   0.12894   0.12664   0.12772   0.08784   0.08981   0.09474   0.09665   0.10246   0.10796   0.15177   0.08638   0.08920   0.10732   0.09879   0.10936   0.09815   0.09950   0.06200   0.08132   0.07005   0.19984   0.10503   0.12400   0.09756   0.10865   0.12803   0.12042   0.09822   0.06920   0.17251   0.19271   0.09182   0.45499   0.14671   0.11901   0.12062   0.12042   0.12023
Valeriana_   0.13565   0.11458   0.07552   0.09715   0.08790   0.08988   0.08985   0.08734   0.08813   0.08836   0.12815   0.08265   0.12011   0.10577   0.10381   0.10020   0.10838   0.08390   0.12804   0.07521   0.12628   0.13643   0.10751   0.10712   0.06286   0.09339   0.11929   0.17014   0.11692   0.11557   0.00000   0.06817   0.14307   0.07403   0.10907   0.11111   0.09475   0.11294   0.10321   0.08998   0.17071   0.08984   0.09261   0.08846   0.09560   0.09537   0.16726   0.39959   0.17457   0.10472   0.13294   0.09439   0.12134   0.12270   0.09402   0.16086   0.12030   0.12406   0.15826   0.14780   0.15100   0.16310   0.15895   0.15688   0.15396   0.15269   0.15396   0.15484   0.15516   0.15180   0.16171   0.14964   0.15115   0.15358   0.11715   0.10964   0.11237   0.11727   0.11213   0.10357   0.10273   0.10537   0.10293   0.13269   0.10173   0.05674   0.06925   0.04343   0.08777   0.09611   0.15358   0.07268   0.07636   0.08607   0.08188   0.09782   0.08333   0.08817   0.07971   0.09984   0.10145   0.20913   0.11379   0.14150   0.09534   0.12474   0.13088   0.12406   0.10940   0.11043   0.17560   0.17979   0.09991   0.46942   0.14519   0.12092   0.12224   0.12691   0.10128
Viburnum_o   0.11005   0.09085   0.06771   0.07247   0.06701   0.06894   0.06828   0.07074   0.06894   0.06649   0.10338   0.04875   0.09204   0.08333   0.07476   0.06622   0.07905   0.05281   0.10414   0.04011   0.09540   0.11050   0.07650   0.07740   0.02214   0.06983   0.09257   0.15179   0.08384   0.09550   0.06817   0.00000   0.11825   0.05825   0.08176   0.08311   0.06419   0.08141   0.07614   0.05405   0.14924   0.06233   0.06301   0.06129   0.06411   0.06781   0.14670   0.39672   0.13793   0.07148   0.10542   0.05820   0.09189   0.09392   0.06050   0.14522   0.09373   0.09392   0.13493   0.12500   0.12915   0.14247   0.13973   0.13493   0.13186   0.13210   0.13400   0.13210   0.13117   0.12687   0.13973   0.12758   0.12775   0.12423   0.08431   0.08450   0.07633   0.09595   0.08386   0.07488   0.07714   0.08204   0.07703   0.10548   0.07207   0.05239   0.02978   0.06176   0.05616   0.05946   0.13667   0.04583   0.04950   0.05964   0.04854   0.06904   0.05413   0.05833   0.05314   0.07005   0.07166   0.19429   0.09263   0.11743   0.06438   0.09595   0.10541   0.09459   0.08065   0.07838   0.15303   0.16921   0.07226   0.45113   0.12365   0.08826   0.09435   0.09223   0.07347
Viscum_alb   0.15182   0.13504   0.15625   0.13647   0.13055   0.13438   0.13118   0.13275   0.13438   0.13036   0.14964   0.12920   0.14380   0.13782   0.12920   0.12044   0.14745   0.13440   0.15182   0.11971   0.14672   0.15121   0.13577   0.12555   0.11700   0.12774   0.14964   0.19601   0.12847   0.13131   0.14307   0.11825   0.00000   0.13471   0.12993   0.12993   0.12555   0.13783   0.14286   0.12336   0.18321   0.13066   0.13212   0.13139   0.13650   0.13723   0.18030   0.41272   0.16621   0.13563   0.15833   0.11712   0.15109   0.15109   0.12157   0.17195   0.13889   0.14745   0.17518   0.17518   0.17445   0.18029   0.17810   0.17737   0.17591   0.17226   0.17883   0.17518   0.17445   0.17445   0.17591   0.17518   0.17883   0.17737   0.13431   0.13446   0.13650   0.16250   0.15547   0.14652   0.14891   0.15227   0.14745   0.15401   0.12920   0.13948   0.11924   0.14958   0.12263   0.12993   0.17226   0.10764   0.10948   0.13796   0.12701   0.13358   0.12774   0.12336   0.11272   0.12158   0.12399   0.22276   0.14562   0.15899   0.13358   0.14234   0.14891   0.14672   0.13148   0.13285   0.21037   0.22797   0.13202   0.47570   0.15401   0.14777   0.14745   0.14964   0.14475
