	7
Pinus_mugo   0.00000   0.00000   0.01735   0.07227   0.00498   0.05918   0.00973
Pinus_sylv   0.00000   0.00000   0.02260   0.07683   0.00504   0.07213   0.00978
Pinus_nigr   0.01735   0.02260   0.00000   0.10330   0.03918   0.09396   0.01074
Abies_alba   0.07227   0.07683   0.10330   0.00000   0.06947   0.07220   0.08424
Pinus_sylv   0.00498   0.00504   0.03918   0.06947   0.00000   0.07815   0.01754
Picea_abie   0.05918   0.07213   0.09396   0.07220   0.07815   0.00000   0.06031
Pinus_nigr   0.00973   0.00978   0.01074   0.08424   0.01754   0.06031   0.00000
